       0         21116.0
       1         21098.0
       2         22198.0
       3         21722.0
       4         22052.0
       5         21045.0
       6         22024.0
       7         20926.0
       8         21863.0
       9         21701.0
      10         21298.0
      11         22119.0
      12         23332.0
      13         23868.0
      14         23818.0
      15         24942.0
      16         24300.0
      17         25626.0
      18         26721.0
      19         27422.0
      20         27704.0
      21         27066.0
      22         26698.0
      23         27638.0
      24         27570.0
      25         27065.0
      26         27294.0
      27         28534.0
      28         28646.0
      29         29246.0
      30         27991.0
      31         27993.0
      32         29014.0
      33         28463.0
      34         28042.0
      35         28378.0
      36         29610.0
      37         29540.0
      38         29506.0
      39         29456.0
      40         29822.0
      41         30289.0
      42         30121.0
      43         30414.0
      44         31462.0
      45         31959.0
      46         32027.0
      47         32639.0
      48         32280.0
      49         31431.0
      50         32694.0
      51         34906.0
      52         33766.0
      53         32673.0
      54         31562.0
      55         31527.0
      56         31395.0
      57         32021.0
      58         32752.0
      59         32134.0
      60         31424.0
      61         30400.0
      62         30355.0
      63         30105.0
      64         29719.0
      65         30507.0
      66         30554.0
      67         29192.0
      68         28906.0
      69         28264.0
      70         26537.0
      71         26409.0
      72         25926.0
      73         24623.0
      74         24373.0
      75         23515.0
      76         23255.0
      77         22469.0
      78         21888.0
      79         22145.0
      80         22022.0
      81         21907.0
      82         21852.0
      83         21237.0
      84         21009.0
      85         20520.0
      86         20222.0
      87         21363.0
      88         40824.0
      89         41597.0
      90         40830.0
      91         39924.0
      92         39467.0
      93         39729.0
      94         38547.0
      95         37904.0
      96         38420.0
      97         38716.0
      98         38751.0
      99         37277.0
     100         37116.0
     101         36882.0
     102         37395.0
     103         37405.0
     104         36442.0
     105         35809.0
     106         36932.0
     107         36776.0
     108         37112.0
     109         39107.0
     110         41518.0
     111         41796.0
     112         41625.0
     113         40787.0
     114         41605.0
     115         42894.0
     116         43687.0
     117         43365.0
     118         43181.0
     119         43032.0
     120         44025.0
     121         43062.0
     122         44596.0
     123         43991.0
     124         45752.0
     125         46061.0
     126         45950.0
     127         45599.0
     128         44226.0
     129         45218.0
     130         44872.0
     131         44726.0
     132         44326.0
     133         45637.0
     134         46408.0
     135         47726.0
     136         49172.0
     137         49311.0
     138         49433.0
     139         48030.0
     140         48322.0
     141         46815.0
     142         47748.0
     143         47322.0
     144         48794.0
     145         49475.0
     146         49564.0
     147         48556.0
     148         48104.0
     149         49870.0
     150         51170.0
     151         50912.0
     152         51681.0
     153         52070.0
     154         52998.0
     155         52936.0
     156         54789.0
     157         56023.0
     158         56343.0
     159         56744.0
     160         56446.0
     161         57069.0
     162         57191.0
     163         58056.0
     164         58859.0
     165         59476.0
     166         59278.0
     167         59826.0
     168         60564.0
     169         60360.0
     170         61062.0
     171         61281.0
     172         61030.0
     173         62090.0
     174         61393.0
     175         61289.0
     176         63586.0
     177         64223.0
     178         59098.0
     179         58031.0
     180         56133.0
     181         55862.0
     182         54890.0
     183         54452.0
     184         52361.0
     185         53769.0
     186         53446.0
     187         53997.0
     188         54420.0
     189         53070.0
     190         53330.0
     191         54129.0
     192         55358.0
     193         57354.0
     194         57941.0
     195         57273.0
     196         57433.0
     197         55713.0
     198         55166.0
     199         53930.0
     200         54708.0
     201         54613.0
     202         53288.0
     203         52329.0
     204         53409.0
     205         52096.0
     206         50814.0
     207         51814.0
     208         52272.0
     209         52726.0
     210         52771.0
     211         52899.0
     212         52783.0
     213         52624.0
     214         52678.0
     215         52787.0
     216         52303.0
     217         50656.0
     218         49873.0
     219         49182.0
     220         49338.0
     221         49242.0
     222         48828.0
     223         47869.0
     224         47485.0
     225         48017.0
     226         48442.0
     227         48603.0
     228         46649.0
     229         46834.0
     230         46359.0
     231         46286.0
     232         46469.0
     233         46352.0
     234         46917.0
     235         47183.0
     236         48189.0
     237         47327.0
     238         47377.0
     239         47196.0
     240         47995.0
     241         47600.0
     242         48661.0
     243         49062.0
     244         50392.0
     245         50217.0
     246         49920.0
     247         51377.0
     248         51951.0
     249         51426.0
     250         53235.0
     251         54128.0
     252         53408.0
     253         53950.0
     254         53658.0
     255         54042.0
     256         53326.0
     257         53921.0
     258         53504.0
     259         53001.0
     260         52894.0
     261         52735.0
     262         54146.0
     263         55334.0
     264         55909.0
     265         55419.0
     266         53223.0
     267         52331.0
     268         51504.0
     269         52564.0
     270         53147.0
     271         53110.0
     272         53389.0
     273         52233.0
     274         50257.0
     275         50740.0
     276         50621.0
     277         50419.0
     278         50306.0
     279         50086.0
     280         50763.0
     281         49963.0
     282         49300.0
     283         49852.0
     284         49334.0
     285         49089.0
     286         48475.0
     287         49337.0
     288         48912.0
     289         50140.0
     290         50621.0
     291         50390.0
     292         51273.0
     293         51153.0
     294         51401.0
     295         51701.0
     296         53527.0
     297         53558.0
     298         53378.0
     299         52699.0
     300         51820.0
     301         51091.0
     302         52757.0
     303         51470.0
     304         52307.0
     305         52975.0
     306         52878.0
     307         51235.0
     308         51059.0
     309         51577.0
     310         51989.0
     311         52801.0
     312         52685.0
     313         53192.0
     314         53973.0
     315         53681.0
     316         54101.0
     317         53951.0
     318         53738.0
     319         55257.0
     320         53609.0
     321         53003.0
     322         52552.0
     323         51999.0
     324         52492.0
     325         51003.0
     326         51004.0
     327         50648.0
     328         48916.0
     329         49228.0
     330         49343.0
     331         48105.0
     332         49192.0
     333         49225.0
     334         50140.0
     335         50631.0
     336         50047.0
     337         50663.0
     338         49316.0
     339         50494.0
     340         49129.0
     341         49868.0
     342         51343.0
     343         50143.0
     344         49012.0
     345         49148.0
     346         48558.0
     347         46836.0
     348         47083.0
     349         48407.0
     350         48118.0
     351         47074.0
     352         48164.0
     353         49675.0
     354         48171.0
     355         49152.0
     356         55124.0
     357         54524.0
     358         53626.0
     359         54240.0
     360         54576.0
     361         53706.0
     362         54018.0
     363         52828.0
     364         53215.0
     365         53368.0
     366         54335.0
     367         52213.0
     368         52163.0
     369         52576.0
     370         53049.0
     371         52798.0
     372         51674.0
     373         50033.0
     374         50431.0
     375         50730.0
     376         50026.0
     377         50126.0
     378         50414.0
     379         50474.0
     380         50565.0
     381         51140.0
     382         52552.0
     383         52169.0
     384         53003.0
     385         54157.0
     386         52911.0
     387         53965.0
     388         52976.0
     389         53706.0
     390         53934.0
     391         52868.0
     392         52846.0
     393         52289.0
     394         52074.0
     395         52302.0
     396         53351.0
     397         53723.0
     398         54472.0
     399         54947.0
     400         56062.0
     401         56932.0
     402         56803.0
     403         57477.0
     404         56939.0
     405         56740.0
     406         56282.0
     407         56240.0
     408         55201.0
     409         54563.0
     410         54053.0
     411         53489.0
     412         55072.0
     413         55602.0
     414         55418.0
     415         54003.0
     416         52500.0
     417         53045.0
     418         52455.0
     419         51107.0
     420         52686.0
     421         52094.0
     422         51166.0
     423         52032.0
     424         52055.0
     425         52683.0
     426         53626.0
     427         53586.0
     428         54021.0
     429         55415.0
     430         56432.0
     431         56717.0
     432         56563.0
     433         56227.0
     434         56941.0
     435         56735.0
     436         55862.0
     437         55432.0
     438         55243.0
     439         54840.0
     440         53726.0
     441         53538.0
     442         54371.0
     443         52657.0
     444         51749.0
     445         50372.0
     446         50066.0
     447         49739.0
     448         50407.0
     449         49764.0
     450         49874.0
     451         50408.0
     452         51772.0
     453         52400.0
     454         51777.0
     455         52257.0
     456         51460.0
     457         52081.0
     458         51039.0
     459         50066.0
     460         49710.0
     461         49363.0
     462         49733.0
     463         50407.0
     464         50259.0
     465         49744.0
     466         50438.0
     467         50270.0
     468         52556.0
     469         53573.0
     470         54643.0
     471         53531.0
     472         53217.0
     473         52111.0
     474         53515.0
     475         54724.0
     476         55912.0
     477         55092.0
     478         54565.0
     479         54622.0
     480         53246.0
     481         52497.0
     482         52464.0
     483         52532.0
     484         52458.0
     485         50390.0
     486         50923.0
     487         52791.0
     488         51913.0
     489         52099.0
     490         52954.0
     491         53262.0
     492         53030.0
     493         53214.0
     494         52005.0
     495         52191.0
     496         50789.0
     497         50946.0
     498         51050.0
     499         49645.0
     500         49323.0
     501         49050.0
     502         49461.0
     503         48458.0
     504         47768.0
     505         48396.0
     506         48086.0
     507         48599.0
     508         48052.0
     509         47146.0
     510         47051.0
     511         47927.0
     512         48493.0
     513         47996.0
     514         47649.0
     515         48798.0
     516         49122.0
     517         47799.0
     518         47669.0
     519         46457.0
     520         46845.0
     521         47058.0
     522         46377.0
     523         47172.0
     524         46999.0
     525         47409.0
     526         47109.0
     527         46883.0
     528         46852.0
     529         47528.0
     530         46785.0
     531         48100.0
     532         47633.0
     533         48881.0
     534         49317.0
     535         50966.0
     536         49992.0
     537         50148.0
     538         49374.0
     539         49541.0
     540         48866.0
     541         48310.0
     542         48454.0
     543         48943.0
     544         49543.0
     545         50479.0
     546         50787.0
     547         51288.0
     548         51540.0
     549         50294.0
     550         50560.0
     551         51836.0
     552         50717.0
     553         49646.0
     554         49815.0
     555         49366.0
     556         49790.0
     557         48796.0
     558         49767.0
     559         49836.0
     560         50268.0
     561         50697.0
     562         49395.0
     563         49620.0
     564         51252.0
     565         50949.0
     566         50144.0
     567         50289.0
     568         50701.0
     569         50580.0
     570         51645.0
     571         53239.0
     572         53099.0
     573         53354.0
     574         53681.0
     575         54002.0
     576         55880.0
     577         56050.0
     578         55799.0
     579         55006.0
     580         54643.0
     581         56283.0
     582         56855.0
     583         57497.0
     584         56904.0
     585         56908.0
     586         57812.0
     587         57448.0
     588         57485.0
     589         56619.0
     590         56603.0
     591         57056.0
     592         57243.0
     593         57615.0
     594         57717.0
     595         56436.0
     596         57055.0
     597         58380.0
     598         57953.0
     599         59072.0
     600         59641.0
     601         59235.0
     602         59651.0
     603         59682.0
     604         58480.0
     605         59745.0
     606         59187.0
     607         58048.0
     608         59095.0
     609         57955.0
     610         58617.0
     611         59710.0
     612         60199.0
     613         59632.0
     614         58607.0
     615         59091.0
     616         57477.0
     617         57582.0
     618         56465.0
     619         56876.0
     620         57323.0
     621         56555.0
     622         51145.0
     623         50440.0
     624         50252.0
     625         50005.0
     626         48509.0
     627         48415.0
     628         48968.0
     629         48521.0
     630         48059.0
     631         48047.0
     632         47640.0
     633         46382.0
     634         46832.0
     635         47196.0
     636         46638.0
     637         46797.0
     638         45857.0
     639         46155.0
     640         47294.0
     641         49773.0
     642         49350.0
     643         48651.0
     644         48633.0
     645         47835.0
     646         49216.0
     647         49798.0
     648         50394.0
     649         48428.0
     650         48357.0
     651         47514.0
     652         47454.0
     653         45800.0
     654         46930.0
     655         46269.0
     656         46322.0
     657         45494.0
     658         45977.0
     659         45368.0
     660         46249.0
     661         47238.0
     662         47347.0
     663         47283.0
     664         46674.0
     665         47451.0
     666         46547.0
     667         47585.0
     668         49257.0
     669         48556.0
     670         50029.0
     671         50350.0
     672         49691.0
     673         49158.0
     674         49021.0
     675         49768.0
     676         50023.0
     677         49517.0
     678         49676.0
     679         50264.0
     680         51078.0
     681         51994.0
     682         51253.0
     683         52277.0
     684         53120.0
     685         52710.0
     686         52807.0
     687         52755.0
     688         53222.0
     689         53625.0
     690         53275.0
     691         55753.0
     692         55748.0
     693         56555.0
     694         57181.0
     695         56516.0
     696         55895.0
     697         57612.0
     698         58557.0
     699         56739.0
     700         56774.0
     701         58090.0
     702         57466.0
     703         57965.0
     704         58751.0
     705         59650.0
     706         59765.0
     707         59422.0
     708         60123.0
     709         59222.0
     710         58437.0
     711         58834.0
     712         54719.0
     713         53288.0
     714         54011.0
     715         53567.0
     716         53596.0
     717         52990.0
     718         53615.0
     719         54143.0
     720         54189.0
     721         54324.0
     722         54001.0
     723         53119.0
     724         54049.0
     725         53982.0
     726         54108.0
     727         54552.0
     728         54039.0
     729         53370.0
     730         53558.0
     731         52906.0
     732         54204.0
     733         53840.0
     734         55177.0
     735         54037.0
     736         54264.0
     737         54418.0
     738         54787.0
     739         55082.0
     740         55578.0
     741         56278.0
     742         57119.0
     743         55744.0
     744         56541.0
     745         56615.0
     746         56520.0
     747         56610.0
     748         55829.0
     749         56529.0
     750         57536.0
     751         57775.0
     752         58171.0
     753         58837.0
     754         58203.0
     755         60252.0
     756         62927.0
     757         64028.0
     758         64222.0
     759         63981.0
     760         64082.0
     761         64013.0
     762         64894.0
     763         64655.0
     764         65493.0
     765         64738.0
     766         64959.0
     767         64919.0
     768         63987.0
     769         64483.0
     770         63581.0
     771         62924.0
     772         61897.0
     773         61343.0
     774         61051.0
     775         60731.0
     776         59189.0
     777         58437.0
     778         57474.0
     779         56258.0
     780         57332.0
     781         57029.0
     782         58097.0
     783         59191.0
     784         59420.0
     785         60576.0
     786         60534.0
     787         60111.0
     788         60997.0
     789         60773.0
     790         60144.0
     791         59538.0
     792         59122.0
     793         58744.0
     794         58927.0
     795         59430.0
     796         59512.0
     797         58951.0
     798         59102.0
     799         57254.0
     800         56894.0
     801         56927.0
     802         58645.0
     803         58227.0
     804         58209.0
     805         58796.0
     806         58556.0
     807         59115.0
     808         58143.0
     809         58124.0
     810         57509.0
     811         56427.0
     812         55395.0
     813         54533.0
     814         54203.0
     815         53836.0
     816         53078.0
     817         53015.0
     818         53118.0
     819         52693.0
     820         52154.0
     821         52020.0
     822         52591.0
     823         52521.0
     824         50958.0
     825         52130.0
     826         51713.0
     827         51512.0
     828         50746.0
     829         51883.0
     830         51214.0
     831         51186.0
     832         50769.0
     833         49427.0
     834         49562.0
     835         48364.0
     836         48787.0
     837         47348.0
     838         47711.0
     839         48105.0
     840         47297.0
     841         48919.0
     842         49987.0
     843         50606.0
     844         49915.0
     845         50258.0
     846         50211.0
     847         50749.0
     848         50431.0
     849         49366.0
     850         50021.0
     851         50420.0
     852         51343.0
     853         51477.0
     854         51470.0
     855         53091.0
     856         53391.0
     857         52986.0
     858         53166.0
     859         51682.0
     860         52748.0
     861         52056.0
     862         53132.0
     863         52520.0
     864         52654.0
     865         52461.0
     866         54108.0
     867         54171.0
     868         54085.0
     869         54353.0
     870         54882.0
     871         52742.0
     872         52764.0
     873         52553.0
     874         52153.0
     875         52234.0
     876         50718.0
     877         50720.0
     878         51301.0
     879         51023.0
     880         50675.0
     881         50584.0
     882         50820.0
     883         50498.0
     884         49265.0
     885         49037.0
     886         48904.0
     887         49067.0
     888         49807.0
     889         58965.0
     890         59093.0
     891         58863.0
     892         58466.0
     893         59568.0
     894         60057.0
     895         61054.0
     896         61075.0
     897         60661.0
     898         60691.0
     899         60736.0
     900         60801.0
     901         60297.0
     902         60198.0
     903         60661.0
     904         60685.0
     905         61272.0
     906         61288.0
     907         61726.0
     908         62086.0
     909         61697.0
     910         62368.0
     911         61872.0
     912         62039.0
     913         60834.0
     914         61590.0
     915         60538.0
     916         59257.0
     917         59098.0
     918         58322.0
     919         58366.0
     920         57361.0
     921         58301.0
     922         57826.0
     923         58644.0
     924         57990.0
     925         58165.0
     926         57218.0
     927         57364.0
     928         58053.0
     929         57306.0
     930         57212.0
     931         58188.0
     932         58798.0
     933         58307.0
     934         59352.0
     935         58882.0
     936         58453.0
     937         58613.0
     938         60056.0
     939         59278.0
     940         59265.0
     941         59087.0
     942         59803.0
     943         60352.0
     944         59395.0
     945         59735.0
     946         59974.0
     947         59520.0
     948         59826.0
     949         60541.0
     950         60954.0
     951         60998.0
     952         61430.0
     953         59974.0
     954         60534.0
     955         60883.0
     956         60803.0
     957         61184.0
     958         62250.0
     959         61483.0
     960         63216.0
     961         62216.0
     962         61767.0
     963         61027.0
     964         61625.0
     965         60624.0
     966         61127.0
     967         61912.0
     968         61124.0
     969         62067.0
     970         62354.0
     971         62260.0
     972         62122.0
     973         61442.0
     974         59760.0
     975         59885.0
     976         58788.0
     977         59133.0
     978         58387.0
     979         59540.0
     980         59624.0
     981         58824.0
     982         59638.0
     983         60056.0
     984         60548.0
     985         60836.0
     986         60554.0
     987         59360.0
     988         59444.0
     989         57762.0
     990         58626.0
     991         59467.0
     992         60120.0
     993         59893.0
     994         59608.0
     995         60507.0
     996         59935.0
     997         58483.0
     998         58887.0
     999         57716.0
    1000         56539.0
    1001         56578.0
    1002         55521.0
    1003         56175.0
    1004         55132.0
    1005         56390.0
    1006         56356.0
    1007         57699.0
    1008         56868.0
    1009         56440.0
    1010         57735.0
    1011         57293.0
    1012         57207.0
    1013         56956.0
    1014         56494.0
    1015         56572.0
    1016         57781.0
    1017         57545.0
    1018         57170.0
    1019         56745.0
    1020         56660.0
    1021         56899.0
    1022         57400.0
    1023         57244.0
    1024         57389.0
    1025         56732.0
    1026         56035.0
    1027         55392.0
    1028         55207.0
    1029         55228.0
    1030         54127.0
    1031         56031.0
    1032         56776.0
    1033         57214.0
    1034         57110.0
    1035         57234.0
    1036         56775.0
    1037         56609.0
    1038         56708.0
    1039         58384.0
    1040         58146.0
    1041         58833.0
    1042         58031.0
    1043         56890.0
    1044         57658.0
    1045         58347.0
    1046         58229.0
    1047         56864.0
    1048         57974.0
    1049         57666.0
    1050         57137.0
    1051         56285.0
    1052         56365.0
    1053         56358.0
    1054         57171.0
    1055         57565.0
    1056         56907.0
    1057         55500.0
    1058         56338.0
    1059         57445.0
    1060         57406.0
    1061         57441.0
    1062         56418.0
    1063         56858.0
    1064         57159.0
    1065         57499.0
    1066         58174.0
    1067         59538.0
    1068         57246.0
    1069         55896.0
    1070         57013.0
    1071         57551.0
    1072         57319.0
    1073         57662.0
    1074         57570.0
    1075         58180.0
    1076         57490.0
    1077         57447.0
    1078         58900.0
    1079         58802.0
    1080         57846.0
    1081         57621.0
    1082         57709.0
    1083         55833.0
    1084         55504.0
    1085         55778.0
    1086         56256.0
    1087         56034.0
    1088         56710.0
    1089         57702.0
    1090         57493.0
    1091         57824.0
    1092         57228.0
    1093         56659.0
    1094         56479.0
    1095         56927.0
    1096         56344.0
    1097         57376.0
    1098         57678.0
    1099         57998.0
    1100         58280.0
    1101         58813.0
    1102         57955.0
    1103         56451.0
    1104         57242.0
    1105         55555.0
    1106         54947.0
    1107         53943.0
    1108         54782.0
    1109         55489.0
    1110         54496.0
    1111         55151.0
    1112         56257.0
    1113         56487.0
    1114         55552.0
    1115         56059.0
    1116         57653.0
    1117         58061.0
    1118         59365.0
    1119         57924.0
    1120         59022.0
    1121         58504.0
    1122         59691.0
    1123         58456.0
    1124         57904.0
    1125         57661.0
    1126         57391.0
    1127         56909.0
    1128         55889.0
    1129         56827.0
    1130         56084.0
    1131         55775.0
    1132         55233.0
    1133         55567.0
    1134         55446.0
    1135         55858.0
    1136         55496.0
    1137         55755.0
    1138         56295.0
    1139         55646.0
    1140         55296.0
    1141         54778.0
    1142         53870.0
    1143         53704.0
    1144         54868.0
    1145         55617.0
    1146         55724.0
    1147         55228.0
    1148         55535.0
    1149         55080.0
    1150         55976.0
    1151         55720.0
    1152         55767.0
    1153         56460.0
    1154         63635.0
    1155         64491.0
    1156         64800.0
    1157         64866.0
    1158         65196.0
    1159         65806.0
    1160         65429.0
    1161         66436.0
    1162         67239.0
    1163         66401.0
    1164         66723.0
    1165         66775.0
    1166         65987.0
    1167         67779.0
    1168         67321.0
    1169         66609.0
    1170         67576.0
    1171         67907.0
    1172         67976.0
    1173         67986.0
    1174         68579.0
    1175         69774.0
    1176         70948.0
    1177         71486.0
    1178         71886.0
    1179         72382.0
    1180         71092.0
    1181         70579.0
    1182         69894.0
    1183         67806.0
    1184         66307.0
    1185         67622.0
    1186         69760.0
    1187         70011.0
    1188         70018.0
    1189         71266.0
    1190         69433.0
    1191         69560.0
    1192         69892.0
    1193         66530.0
    1194         65327.0
    1195         65505.0
    1196         65161.0
    1197         64985.0
    1198         63891.0
    1199         63262.0
    1200         63277.0
    1201         63890.0
    1202         63880.0
    1203         63636.0
    1204         64046.0
    1205         63064.0
    1206         62377.0
    1207         62523.0
    1208         60901.0
    1209         60666.0
    1210         59754.0
    1211         60061.0
    1212         59352.0
    1213         60638.0
    1214         59869.0
    1215         59323.0
    1216         58796.0
    1217         58585.0
    1218         58183.0
    1219         58617.0
    1220         59017.0
    1221         58143.0
    1222         58403.0
    1223         58042.0
    1224         58603.0
    1225         58743.0
    1226         59021.0
    1227         59233.0
    1228         60812.0
    1229         61421.0
    1230         62364.0
    1231         62321.0
    1232         60963.0
    1233         61020.0
    1234         60480.0
    1235         59518.0
    1236         57888.0
    1237         58137.0
    1238         57836.0
    1239         57390.0
    1240         58047.0
    1241         58174.0
    1242         59027.0
    1243         61502.0
    1244         61501.0
    1245         61182.0
    1246         61010.0
    1247         59919.0
    1248         58588.0
    1249         57682.0
    1250         56500.0
    1251         57598.0
    1252         56499.0
    1253         57890.0
    1254         60191.0
    1255         57477.0
    1256         57228.0
    1257         58067.0
    1258         58070.0
    1259         58225.0
    1260         56939.0
    1261         56770.0
    1262         57040.0
    1263         57459.0
    1264         58590.0
    1265         59065.0
    1266         60668.0
    1267         60306.0
    1268         61492.0
    1269         60643.0
    1270         61245.0
    1271         62006.0
    1272         63022.0
    1273         63183.0
    1274         63405.0
    1275         64119.0
    1276         63324.0
    1277         64135.0
    1278         63447.0
    1279         63429.0
    1280         61457.0
    1281         60966.0
    1282         61437.0
    1283         61160.0
    1284         60181.0
    1285         59356.0
    1286         59661.0
    1287         60073.0
    1288         61485.0
    1289         61757.0
    1290         61535.0
    1291         60868.0
    1292         59614.0
    1293         60614.0
    1294         60229.0
    1295         60233.0
    1296         58729.0
    1297         59537.0
    1298         58746.0
    1299         59292.0
    1300         58027.0
    1301         57601.0
    1302         56665.0
    1303         56143.0
    1304         55986.0
    1305         55517.0
    1306         55840.0
    1307         55462.0
    1308         55819.0
    1309         55398.0
    1310         54317.0
    1311         54795.0
    1312         53496.0
    1313         53143.0
    1314         53406.0
    1315         52338.0
    1316         51953.0
    1317         52521.0
    1318         53244.0
    1319         53355.0
    1320         52890.0
    1321         52294.0
    1322         52895.0
    1323         53111.0
    1324         52179.0
    1325         51818.0
    1326         52412.0
    1327         51815.0
    1328         51407.0
    1329         50162.0
    1330         49867.0
    1331         67183.0
    1332         67432.0
    1333         67363.0
    1334         67370.0
    1335         67119.0
    1336         67479.0
    1337         67122.0
    1338         66665.0
    1339         66923.0
    1340         68323.0
    1341         69124.0
    1342         70206.0
    1343         70420.0
    1344         69990.0
    1345         69953.0
    1346         69622.0
    1347         70348.0
    1348         70567.0
    1349         69443.0
    1350         71126.0
    1351         71437.0
    1352         70724.0
    1353         70322.0
    1354         70075.0
    1355         70033.0
    1356         70616.0
    1357         70996.0
    1358         70642.0
    1359         69375.0
    1360         69679.0
    1361         68048.0
    1362         67507.0
    1363         67225.0
    1364         66547.0
    1365         66010.0
    1366         67734.0
    1367         64761.0
    1368         63645.0
    1369         62653.0
    1370         61784.0
    1371         61764.0
    1372         61783.0
    1373         62366.0
    1374         61672.0
    1375         62004.0
    1376         61246.0
    1377         61006.0
    1378         61249.0
    1379         61637.0
    1380         60736.0
    1381         60206.0
    1382         59358.0
    1383         59916.0
    1384         60605.0
    1385         60281.0
    1386         59431.0
    1387         59856.0
    1388         58794.0
    1389         59266.0
    1390         58905.0
    1391         59606.0
    1392         58798.0
    1393         57379.0
    1394         57328.0
    1395         57638.0
    1396         57422.0
    1397         58607.0
    1398         56594.0
    1399         56492.0
    1400         57418.0
    1401         58184.0
    1402         57749.0
    1403         56825.0
    1404         55815.0
    1405         54556.0
    1406         55762.0
    1407         54916.0
    1408         52895.0
    1409         55171.0
    1410         54981.0
    1411         54311.0
    1412         55271.0
    1413         55785.0
    1414         55407.0
    1415         56008.0
    1416         56883.0
    1417         56370.0
    1418         56500.0
    1419         56847.0
    1420         68778.0
    1421         67998.0
    1422         65946.0
    1423         65332.0
    1424         65728.0
    1425         64348.0
    1426         63620.0
    1427         64057.0
    1428         63252.0
    1429         64896.0
    1430         64825.0
    1431         64485.0
    1432         64457.0
    1433         66014.0
    1434         65585.0
    1435         65362.0
    1436         64378.0
    1437         62865.0
    1438         63806.0
    1439         65250.0
    1440         66145.0
    1441         66013.0
    1442         66093.0
    1443         66369.0
    1444         65361.0
    1445         65150.0
    1446         64579.0
    1447         64156.0
    1448         62187.0
    1449         62347.0
    1450         61841.0
    1451         61525.0
    1452         61219.0
    1453         61822.0
    1454         61284.0
    1455         61960.0
    1456         63286.0
    1457         63726.0
    1458         63890.0
    1459         64720.0
    1460         63881.0
    1461         63106.0
    1462         63374.0
    1463         63929.0
    1464         64460.0
    1465         63879.0
    1466         62854.0
    1467         63840.0
    1468         64267.0
    1469         63673.0
    1470         63794.0
    1471         64191.0
    1472         65009.0
    1473         63113.0
    1474         62760.0
    1475         62542.0
    1476         62028.0
    1477         61217.0
    1478         60164.0
    1479         59528.0
    1480         59613.0
    1481         60485.0
    1482         60046.0
    1483         60158.0
    1484         57375.0
    1485         57894.0
    1486         57021.0
    1487         57998.0
    1488         57212.0
    1489         56580.0
    1490         55669.0
    1491         55613.0
    1492         54461.0
    1493         54714.0
    1494         55026.0
    1495         54730.0
    1496         54960.0
    1497         54542.0
    1498         54215.0
    1499         55190.0
    1500         55310.0
    1501         55175.0
    1502         55289.0
    1503         55887.0
    1504         56018.0
    1505         55312.0
    1506         54648.0
    1507         54614.0
    1508         63895.0
    1509         62731.0
    1510         64362.0
    1511         62519.0
    1512         61948.0
    1513         61670.0
    1514         63140.0
    1515         61682.0
    1516         61718.0
    1517         62766.0
    1518         63267.0
    1519         63514.0
    1520         62914.0
    1521         62004.0
    1522         62134.0
    1523         61239.0
    1524         60941.0
    1525         60930.0
    1526         61317.0
    1527         62131.0
    1528         60016.0
    1529         60266.0
    1530         62606.0
    1531         62340.0
    1532         61212.0
    1533         61580.0
    1534         61633.0
    1535         61511.0
    1536         61270.0
    1537         60628.0
    1538         60197.0
    1539         59562.0
    1540         59613.0
    1541         60827.0
    1542         61620.0
    1543         61043.0
    1544         61572.0
    1545         61719.0
    1546         62347.0
    1547         62677.0
    1548         62462.0
    1549         61554.0
    1550         62362.0
    1551         64446.0
    1552         63714.0
    1553         63597.0
    1554         63660.0
    1555         62911.0
    1556         63409.0
    1557         62129.0
    1558         62205.0
    1559         62777.0
    1560         63408.0
    1561         63129.0
    1562         62743.0
    1563         63106.0
    1564         62451.0
    1565         61183.0
    1566         61473.0
    1567         61617.0
    1568         61702.0
    1569         61148.0
    1570         61585.0
    1571         64126.0
    1572         63751.0
    1573         63412.0
    1574         62233.0
    1575         62217.0
    1576         61317.0
    1577         62174.0
    1578         61873.0
    1579         59940.0
    1580         60536.0
    1581         60560.0
    1582         60791.0
    1583         60940.0
    1584         62104.0
    1585         61498.0
    1586         60876.0
    1587         59212.0
    1588         57395.0
    1589         56589.0
    1590         57628.0
    1591         58499.0
    1592         56825.0
    1593         57100.0
    1594         56237.0
    1595         55664.0
    1596         55565.0
    1597         54207.0
    1598         54468.0
    1599         54090.0
    1600         54705.0
    1601         55087.0
    1602         56189.0
    1603         57907.0
    1604         57413.0
    1605         57949.0
    1606         57125.0
    1607         58607.0
    1608         59269.0
    1609         60129.0
    1610         60121.0
    1611         59056.0
    1612         59627.0
    1613         59050.0
    1614         59446.0
    1615         57500.0
    1616         57542.0
    1617         56157.0
    1618         56817.0
    1619         56104.0
    1620         54944.0
    1621         55695.0
    1622         57233.0
    1623         57559.0
    1624         57677.0
    1625         58861.0
    1626         57999.0
    1627         56613.0
    1628         57147.0
    1629         55576.0
    1630         56690.0
    1631         56829.0
    1632         57357.0
    1633         58506.0
    1634         58600.0
    1635         58621.0
    1636         58076.0
    1637         57311.0
    1638         57172.0
    1639         57173.0
    1640         56328.0
    1641         55770.0
    1642         55154.0
    1643         56585.0
    1644         55802.0
    1645         56026.0
    1646         56910.0
    1647         56771.0
    1648         56629.0
    1649         57218.0
    1650         57261.0
    1651         57485.0
    1652         58480.0
    1653         59183.0
    1654         58465.0
    1655         60157.0
    1656         61617.0
    1657         61772.0
    1658         61825.0
    1659         61754.0
    1660         61156.0
    1661         61744.0
    1662         61791.0
    1663         63135.0
    1664         63127.0
    1665         62861.0
    1666         63742.0
    1667         63921.0
    1668         62601.0
    1669         62731.0
    1670         62592.0
    1671         63487.0
    1672         63885.0
    1673         64023.0
    1674         65436.0
    1675         64852.0
    1676         64991.0
    1677         64482.0
    1678         63397.0
    1679         63506.0
    1680         62784.0
    1681         64648.0
    1682         64919.0
    1683         66594.0
    1684         65196.0
    1685         71042.0
    1686         69437.0
    1687         68854.0
    1688         68377.0
    1689         68766.0
    1690         69575.0
    1691         68978.0
    1692         69981.0
    1693         71890.0
    1694         71410.0
    1695         70413.0
    1696         70200.0
    1697         70855.0
    1698         70676.0
    1699         72281.0
    1700         71186.0
    1701         72018.0
    1702         71141.0
    1703         71695.0
    1704         71794.0
    1705         70442.0
    1706         69916.0
    1707         72187.0
    1708         71880.0
    1709         73027.0
    1710         73132.0
    1711         72604.0
    1712         71864.0
    1713         71348.0
    1714         71843.0
    1715         71889.0
    1716         73008.0
    1717         73109.0
    1718         73540.0
    1719         74631.0
    1720         75188.0
    1721         74803.0
    1722         73730.0
    1723         73560.0
    1724         72772.0
    1725         71923.0
    1726         72659.0
    1727         72287.0
    1728         73887.0
    1729         73778.0
    1730         74049.0
    1731         74274.0
    1732         75316.0
    1733         76572.0
    1734         77720.0
    1735         77851.0
    1736         75552.0
    1737         75326.0
    1738         74867.0
    1739         74692.0
    1740         74838.0
    1741         75009.0
    1742         73208.0
    1743         73942.0
    1744         74159.0
    1745         74216.0
    1746         74239.0
    1747         75136.0
    1748         75584.0
    1749         74719.0
    1750         73978.0
    1751         73796.0
    1752         72653.0
    1753         70801.0
    1754         71300.0
    1755         73049.0
    1756         73609.0
    1757         73124.0
    1758         72926.0
    1759         74254.0
    1760         75109.0
    1761         73830.0
    1762         73927.0
    1763         73286.0
    1764         73768.0
    1765         74440.0
    1766         75607.0
    1767         76185.0
    1768         75344.0
    1769         76365.0
    1770         75995.0
    1771         76708.0
    1772         75524.0
    1773         75777.0
    1774         74538.0
    1775         73669.0
    1776         73449.0
    1777         73264.0
    1778         72055.0
    1779         71583.0
    1780         71700.0
    1781         72210.0
    1782         71546.0
    1783         69620.0
    1784         69879.0
    1785         70355.0
    1786         71732.0
    1787         71826.0
    1788         71875.0
    1789         71642.0
    1790         72007.0
    1791         71580.0
    1792         70213.0
    1793         70362.0
    1794         70396.0
    1795         69029.0
    1796         68697.0
    1797         69456.0
    1798         69195.0
    1799         68698.0
    1800         68308.0
    1801         69391.0
    1802         69361.0
    1803         69659.0
    1804         70349.0
    1805         69087.0
    1806         70819.0
    1807         69849.0
    1808         70579.0
    1809         70649.0
    1810         72389.0
    1811         71997.0
    1812         72337.0
    1813         72809.0
    1814         74743.0
    1815         73753.0
    1816         73189.0
    1817         72981.0
    1818         73508.0
    1819         71658.0
    1820         71245.0
    1821         72757.0
    1822         73576.0
    1823         74881.0
    1824         73633.0
    1825         73176.0
    1826         74201.0
    1827         72059.0
    1828         69831.0
    1829         71263.0
    1830         72778.0
    1831         73892.0
    1832         74733.0
    1833         75208.0
    1834         73131.0
    1835         72288.0
    1836         73241.0
    1837         73998.0
    1838         71101.0
    1839         69431.0
    1840         68584.0
    1841         68296.0
    1842         67835.0
    1843         67225.0
    1844         67724.0
    1845         67272.0
    1846         67069.0
    1847         66871.0
    1848         66159.0
    1849         65677.0
    1850         65058.0
    1851         64671.0
    1852         63864.0
    1853         64336.0
    1854         63966.0
    1855         64146.0
    1856         64909.0
    1857         64483.0
    1858         64555.0
    1859         66288.0
    1860         66202.0
    1861         66189.0
    1862         71283.0
    1863         71470.0
    1864         70920.0
    1865         71216.0
    1866         70447.0
    1867         70336.0
    1868         70803.0
    1869         70933.0
    1870         70461.0
    1871         69258.0
    1872         69829.0
    1873         69591.0
    1874         69757.0
    1875         70648.0
    1876         72238.0
    1877         70269.0
    1878         70056.0
    1879         70759.0
    1880         71055.0
    1881         69213.0
    1882         68431.0
    1883         68229.0
    1884         67475.0
    1885         66883.0
    1886         66952.0
    1887         67622.0
    1888         67409.0
    1889         65684.0
    1890         64982.0
    1891         64886.0
    1892         65720.0
    1893         66342.0
    1894         66756.0
    1895         67334.0
    1896         67493.0
    1897         66715.0
    1898         64432.0
    1899         63700.0
    1900         64353.0
    1901         64799.0
    1902         65481.0
    1903         65460.0
    1904         66119.0
    1905         66045.0
    1906         66944.0
    1907         67371.0
    1908         66893.0
    1909         67774.0
    1910         67328.0
    1911         66749.0
    1912         67911.0
    1913         67895.0
    1914         66840.0
    1915         66154.0
    1916         66540.0
    1917         67433.0
    1918         67938.0
    1919         67008.0
    1920         66918.0
    1921         68075.0
    1922         68946.0
    1923         68005.0
    1924         67674.0
    1925         67520.0
    1926         68832.0
    1927         68502.0
    1928         68607.0
    1929         69903.0
    1930         68840.0
    1931         68643.0
    1932         67781.0
    1933         68340.0
    1934         68514.0
    1935         70922.0
    1936         72217.0
    1937         72639.0
    1938         72008.0
    1939         71327.0
    1940         70913.0
    1941         71651.0
    1942         69902.0
    1943         70122.0
    1944         69693.0
    1945         70205.0
    1946         68346.0
    1947         68724.0
    1948         68633.0
    1949         68602.0
    1950         68934.0
    1951         73971.0
    1952         74346.0
    1953         73275.0
    1954         75185.0
    1955         74983.0
    1956         75734.0
    1957         78263.0
    1958         77885.0
    1959         77131.0
    1960         77044.0
    1961         75311.0
    1962         74197.0
    1963         74038.0
    1964         72168.0
    1965         73506.0
    1966         73271.0
    1967         73665.0
    1968         73889.0
    1969         74406.0
    1970         75593.0
    1971         74878.0
    1972         75096.0
    1973         74730.0
    1974         75392.0
    1975         75073.0
    1976         74493.0
    1977         73111.0
    1978         73800.0
    1979         73867.0
    1980         74247.0
    1981         74746.0
    1982         74231.0
    1983         75044.0
    1984         75404.0
    1985         75555.0
    1986         75118.0
    1987         75421.0
    1988         74193.0
    1989         73490.0
    1990         73986.0
    1991         73877.0
    1992         74599.0
    1993         74622.0
    1994         75821.0
    1995         75406.0
    1996         73818.0
    1997         73327.0
    1998         72610.0
    1999         70808.0
    2000         70701.0
    2001         72956.0
    2002         72910.0
    2003         73732.0
    2004         73508.0
    2005         73903.0
    2006         73445.0
    2007         73812.0
    2008         74124.0
    2009         73235.0
    2010         71950.0
    2011         72811.0
    2012         73448.0
    2013         72843.0
    2014         74288.0
    2015         75605.0
    2016         75515.0
    2017         77266.0
    2018         77136.0
    2019         75294.0
    2020         75348.0
    2021         75239.0
    2022         75042.0
    2023         76264.0
    2024         76172.0
    2025         75815.0
    2026         75157.0
    2027         75279.0
    2028         75338.0
    2029         75754.0
    2030         75535.0
    2031         76058.0
    2032         75828.0
    2033         75542.0
    2034         75174.0
    2035         75675.0
    2036         77156.0
    2037         77310.0
    2038         75843.0
    2039         77197.0
    2040         75236.0
    2041         75168.0
    2042         74552.0
    2043         76169.0
    2044         76683.0
    2045         77055.0
    2046         76652.0
    2047         77358.0
    2048         76349.0
    2049         77007.0
    2050         76443.0
    2051         75804.0
    2052         76559.0
    2053         77466.0
    2054         78993.0
    2055         79390.0
    2056         83909.0
    2057         81281.0
    2058         82033.0
    2059         82331.0
    2060         81133.0
    2061         80446.0
    2062         81677.0
    2063         82149.0
    2064         80985.0
    2065         79656.0
    2066         79349.0
    2067         78648.0
    2068         78688.0
    2069         79417.0
    2070         79089.0
    2071         78295.0
    2072         78632.0
    2073         77317.0
    2074         76698.0
    2075         75943.0
    2076         76188.0
    2077         75833.0
    2078         75874.0
    2079         73624.0
    2080         74094.0
    2081         72377.0
    2082         73583.0
    2083         71745.0
    2084         71611.0
    2085         72380.0
    2086         73919.0
    2087         74174.0
    2088         71515.0
    2089         70237.0
    2090         70795.0
    2091         70680.0
    2092         71335.0
    2093         72236.0
    2094         71976.0
    2095         72416.0
    2096         71580.0
    2097         71662.0
    2098         70708.0
    2099         69925.0
    2100         69922.0
    2101         70675.0
    2102         70277.0
    2103         70039.0
    2104         69418.0
    2105         69946.0
    2106         69400.0
    2107         70245.0
    2108         71025.0
    2109         72124.0
    2110         72681.0
    2111         71285.0
    2112         72264.0
    2113         72353.0
    2114         72015.0
    2115         72684.0
    2116         72013.0
    2117         72322.0
    2118         73795.0
    2119         72995.0
    2120         73118.0
    2121         72885.0
    2122         72874.0
    2123         72262.0
    2124         71153.0
    2125         71188.0
    2126         71791.0
    2127         71835.0
    2128         86541.0
    2129         86620.0
    2130         86556.0
    2131         87262.0
    2132         86576.0
    2133         86336.0
    2134         86644.0
    2135         87079.0
    2136         86521.0
    2137         86669.0
    2138         87741.0
    2139         87997.0
    2140         87742.0
    2141         88586.0
    2142         88218.0
    2143         88242.0
    2144         89628.0
    2145         90212.0
    2146         89015.0
    2147         89465.0
    2148         89328.0
    2149         89914.0
    2150         88916.0
    2151         88448.0
    2152         87676.0
    2153         85669.0
    2154         86226.0
    2155         85850.0
    2156         85213.0
    2157         84373.0
    2158         85462.0
    2159         83125.0
    2160         83123.0
    2161         82123.0
    2162         81393.0
    2163         80443.0
    2164         80212.0
    2165         80641.0
    2166         79438.0
    2167         80657.0
    2168         80581.0
    2169         80226.0
    2170         79953.0
    2171         81068.0
    2172         80931.0
    2173         80169.0
    2174         80526.0
    2175         79841.0
    2176         79153.0
    2177         78958.0
    2178         78982.0
    2179         79463.0
    2180         79010.0
    2181         78649.0
    2182         77974.0
    2183         77809.0
    2184         78796.0
    2185         78247.0
    2186         78184.0
    2187         77489.0
    2188         78644.0
    2189         77394.0
    2190         79181.0
    2191         79209.0
    2192         80905.0
    2193         77908.0
    2194         79446.0
    2195         79674.0
    2196         78873.0
    2197         78322.0
    2198         77979.0
    2199         81182.0
    2200         81310.0
    2201         82056.0
    2202         83273.0
    2203         80594.0
    2204         80628.0
    2205         78388.0
    2206         77533.0
    2207         77291.0
    2208         77151.0
    2209         76732.0
    2210         75846.0
    2211         74832.0
    2212         75402.0
    2213         76437.0
    2214         77007.0
    2215         77974.0
    2216         81660.0
    2217         83058.0
    2218         81954.0
    2219         81016.0
    2220         81351.0
    2221         80693.0
    2222         79629.0
    2223         79293.0
    2224         78652.0
    2225         77821.0
    2226         77292.0
    2227         77380.0
    2228         77136.0
    2229         77196.0
    2230         77537.0
    2231         75881.0
    2232         77085.0
    2233         75186.0
    2234         75952.0
    2235         76233.0
    2236         76954.0
    2237         76460.0
    2238         76968.0
    2239         75732.0
    2240         75529.0
    2241         77730.0
    2242         78516.0
    2243         78342.0
    2244         80536.0
    2245         80588.0
    2246         80085.0
    2247         79608.0
    2248         79182.0
    2249         78970.0
    2250         79110.0
    2251         78298.0
    2252         78644.0
    2253         77683.0
    2254         75963.0
    2255         75686.0
    2256         75782.0
    2257         75901.0
    2258         76031.0
    2259         75574.0
    2260         74776.0
    2261         75078.0
    2262         75720.0
    2263         74904.0
    2264         75161.0
    2265         75061.0
    2266         74889.0
    2267         75769.0
    2268         76711.0
    2269         75582.0
    2270         77158.0
    2271         78899.0
    2272         79398.0
    2273         79075.0
    2274         79684.0
    2275         80458.0
    2276         81009.0
    2277         81218.0
    2278         82856.0
    2279         83047.0
    2280         82677.0
    2281         81019.0
    2282         80824.0
    2283         81832.0
    2284         81889.0
    2285         83000.0
    2286         83143.0
    2287         82525.0
    2288         82144.0
    2289         82066.0
    2290         79750.0
    2291         80001.0
    2292         79314.0
    2293         79452.0
    2294         78760.0
    2295         78057.0
    2296         79486.0
    2297         78575.0
    2298         78868.0
    2299         77811.0
    2300         79350.0
    2301         81255.0
    2302         82022.0
    2303         81668.0
    2304         81089.0
    2305         83403.0
    2306         83930.0
    2307         83249.0
    2308         84355.0
    2309         84327.0
    2310         85341.0
    2311         86446.0
    2312         86169.0
    2313         87158.0
    2314         86114.0
    2315         84206.0
    2316         83936.0
    2317         82998.0
    2318         83353.0
    2319         81298.0
    2320         81530.0
    2321         81105.0
    2322         81693.0
    2323         82190.0
    2324         81831.0
    2325         82290.0
    2326         81388.0
    2327         81580.0
    2328         81130.0
    2329         80616.0
    2330         79902.0
    2331         80055.0
    2332         79892.0
    2333         78993.0
    2334         77907.0
    2335         79306.0
    2336         81077.0
    2337         80799.0
    2338         81714.0
    2339         80439.0
    2340         80926.0
    2341         78969.0
    2342         78573.0
    2343         78616.0
    2344         77771.0
    2345         77238.0
    2346         79315.0
    2347         79467.0
    2348         80935.0
    2349         83315.0
    2350         82486.0
    2351         82552.0
    2352         79957.0
    2353         81835.0
    2354         82774.0
    2355         81580.0
    2356         82235.0
    2357         81466.0
    2358         82266.0
    2359         83219.0
    2360         82272.0
    2361         81229.0
    2362         81116.0
    2363         79097.0
    2364         79921.0
    2365         80561.0
    2366         81718.0
    2367         81691.0
    2368         80925.0
    2369         80282.0
    2370         81639.0
    2371         83240.0
    2372         84837.0
    2373         84404.0
    2374         84945.0
    2375         85248.0
    2376         86340.0
    2377         86237.0
    2378         86581.0
    2379         89723.0
    2380         87651.0
    2381         87522.0
    2382         87825.0
    2383         87944.0
    2384         88533.0
    2385         87709.0
    2386         87578.0
    2387         88517.0
    2388         87520.0
    2389         87746.0
    2390         87867.0
    2391         86194.0
    2392         87281.0
    2393         87044.0
    2394         86928.0
    2395         87374.0
    2396         88083.0
    2397         88385.0
    2398         87269.0
    2399         86700.0
    2400         87030.0
    2401         87316.0
    2402         88028.0
    2403         89229.0
    2404         91320.0
    2405         92457.0
    2406         89947.0
    2407         89194.0
    2408         90656.0
    2409         90893.0
    2410         91235.0
    2411         90761.0
    2412         89953.0
    2413         88627.0
    2414         89163.0
    2415         88888.0
    2416         88551.0
    2417         89638.0
    2418         89444.0
    2419         87238.0
    2420         88400.0
    2421         86993.0
    2422         88223.0
    2423         89528.0
    2424         89775.0
    2425         89983.0
    2426         89176.0
    2427         89135.0
    2428         88397.0
    2429         88176.0
    2430         88052.0
    2431         88138.0
    2432         88455.0
    2433         87414.0
    2434         88302.0
    2435         90049.0
    2436         90564.0
    2437         90622.0
    2438         91077.0
    2439         89017.0
    2440         89880.0
    2441         91999.0
    2442         92755.0
    2443         92229.0
    2444         93537.0
    2445         93307.0
    2446         94759.0
    2447         95363.0
    2448         96661.0
    2449         95835.0
    2450         97052.0
    2451         95543.0
    2452         93766.0
    2453         93752.0
    2454         92178.0
    2455         92350.0
    2456         92395.0
    2457         92300.0
    2458         93900.0
    2459         95644.0
    2460         94749.0
    2461         95536.0
    2462         96374.0
    2463         96870.0
    2464         97033.0
    2465         98081.0
    2466         98092.0
    2467         97758.0
    2468         98128.0
    2469         95366.0
    2470         94761.0
    2471         94294.0
    2472         94483.0
    2473         94411.0
    2474         95381.0
    2475         92789.0
    2476         91878.0
    2477         93187.0
    2478         93524.0
    2479         94195.0
    2480         95038.0
    2481         95219.0
    2482        103683.0
    2483        103423.0
    2484        102591.0
    2485        102749.0
    2486        102706.0
    2487        102709.0
    2488        101958.0
    2489        102197.0
    2490        102420.0
    2491        101245.0
    2492        102177.0
    2493        103970.0
    2494        104081.0
    2495        105512.0
    2496        104587.0
    2497        102592.0
    2498        101900.0
    2499        100185.0
    2500        100367.0
    2501         98427.0
    2502         99925.0
    2503         96654.0
    2504         97766.0
    2505         94518.0
    2506         94041.0
    2507         94785.0
    2508         94494.0
    2509         95892.0
    2510         95706.0
    2511         96822.0
    2512         99151.0
    2513         99368.0
    2514         97700.0
    2515         98825.0
    2516         97938.0
    2517         99322.0
    2518         98856.0
    2519         99473.0
    2520         98426.0
    2521        100843.0
    2522        100130.0
    2523        100284.0
    2524         98712.0
    2525         99107.0
    2526         98579.0
    2527         97390.0
    2528         98224.0
    2529         99933.0
    2530         98563.0
    2531         98599.0
    2532         96647.0
    2533         96088.0
    2534         94188.0
    2535         94648.0
    2536         94623.0
    2537         93664.0
    2538         92537.0
    2539         92489.0
    2540         91659.0
    2541         90810.0
    2542         91754.0
    2543         91402.0
    2544         90904.0
    2545         92097.0
    2546         90431.0
    2547         91188.0
    2548         89582.0
    2549         91096.0
    2550         93202.0
    2551         92130.0
    2552         91802.0
    2553         91607.0
    2554         90720.0
    2555         91009.0
    2556         91426.0
    2557         91682.0
    2558         91451.0
    2559         90697.0
    2560         91395.0
    2561         91363.0
    2562         91736.0
    2563         90880.0
    2564         90770.0
    2565         90863.0
    2566         90514.0
    2567         90835.0
    2568         90035.0
    2569         90247.0
    2570         49823.0
    2571         49304.0
    2572         48858.0
    2573         48044.0
    2574         47767.0
    2575         47103.0
    2576         47679.0
    2577         48267.0
    2578         49418.0
    2579         49640.0
    2580         48363.0
    2581         49173.0
    2582         49261.0
    2583         49924.0
    2584         48971.0
    2585         49942.0
    2586         48448.0
    2587         47534.0
    2588         47558.0
    2589         47576.0
    2590         48064.0
    2591         47381.0
    2592         47142.0
    2593         46449.0
    2594         46145.0
    2595         46138.0
    2596         44606.0
    2597         44724.0
    2598         45887.0
    2599         45279.0
    2600         46452.0
    2601         47168.0
    2602         48796.0
    2603         48593.0
    2604         47725.0
    2605         48270.0
    2606         48229.0
    2607         49312.0
    2608         50696.0
    2609         51227.0
    2610         51191.0
    2611         50875.0
    2612         50467.0
    2613         51662.0
    2614         51264.0
    2615         50802.0
    2616         50199.0
    2617         50965.0
    2618         48988.0
    2619         49754.0
    2620         50544.0
    2621         51005.0
    2622         50020.0
    2623         49983.0
    2624         49685.0
    2625         49505.0
    2626         49446.0
    2627         48078.0
    2628         47971.0
    2629         46368.0
    2630         47207.0
    2631         47975.0
    2632         48137.0
    2633         47879.0
    2634         46406.0
    2635         47371.0
    2636         47400.0
    2637         46686.0
    2638         46718.0
    2639         45900.0
    2640         45186.0
    2641         44832.0
    2642         46603.0
    2643         46647.0
    2644         46364.0
    2645         47701.0
    2646         47715.0
    2647         48314.0
    2648         49092.0
    2649         49723.0
    2650         50588.0
    2651         51118.0
    2652         53313.0
    2653         54093.0
    2654         57036.0
    2655         62365.0
    2656         66818.0
    2657         71977.0
    2658         77760.0
    2659         62379.0
    2660         65339.0
    2661         69117.0
    2662         72585.0
    2663         76288.0
    2664         77568.0
    2665         80346.0
    2666         83950.0
    2667         85775.0
    2668         87237.0
    2669         88742.0
    2670         90178.0
    2671         92709.0
    2672         95473.0
    2673         98077.0
    2674        100571.0
    2675        101312.0
    2676        103904.0
    2677        104171.0
    2678        107444.0
    2679        108547.0
    2680        111499.0
    2681        114505.0
    2682        118012.0
    2683        121895.0
    2684        122602.0
    2685        125204.0
    2686        126408.0
    2687        129110.0
    2688        129847.0
    2689        135137.0
    2690        137260.0
    2691        141189.0
    2692        144353.0
    2693        147136.0
    2694        149372.0
    2695        151351.0
    2696        154576.0
    2697        157456.0
    2698        161491.0
    2699        165693.0
    2700        169446.0
    2701        169658.0
    2702        174886.0
    2703        175444.0
    2704        177593.0
    2705        180679.0
    2706        187067.0
    2707        187652.0
    2708        188646.0
    2709        192414.0
    2710        191948.0
    2711        195571.0
    2712        197437.0
    2713        199500.0
    2714        201836.0
    2715        205725.0
    2716        207788.0
    2717        210916.0
    2718        213350.0
    2719        215944.0
    2720        219507.0
    2721        221676.0
    2722        223911.0
    2723        225775.0
    2724        227410.0
    2725        229260.0
    2726        231866.0
    2727        235780.0
    2728        237009.0
    2729        238529.0
    2730        238566.0
    2731        238861.0
    2732        239352.0
    2733        242047.0
    2734        241281.0
    2735        241966.0
    2736        242695.0
    2737        243127.0
    2738        245095.0
    2739        246643.0
    2740        246772.0
    2741        248589.0
    2742        248913.0
    2743        248924.0
    2744        249677.0
    2745        251791.0
    2746        252551.0
    2747        125626.0
    2748        129901.0
    2749        128348.0
    2750        128407.0
    2751        129059.0
    2752        131517.0
    2753        132701.0
    2754        131613.0
    2755        131084.0
    2756        131557.0
    2757        131474.0
    2758        128659.0
    2759        130181.0
    2760        128414.0
    2761        129053.0
    2762        128177.0
    2763        126917.0
    2764        126625.0
    2765        125230.0
    2766        123578.0
    2767        124090.0
    2768        122310.0
    2769        122449.0
    2770        124741.0
    2771        124678.0
    2772        125076.0
    2773        126231.0
    2774        126144.0
    2775        125554.0
    2776        125996.0
    2777        128409.0
    2778        128398.0
    2779        130415.0
    2780        131481.0
    2781        133144.0
    2782        134294.0
    2783        133568.0
    2784        132703.0
    2785        130030.0
    2786        126881.0
    2787        127455.0
    2788        127005.0
    2789        126296.0
    2790        125695.0
    2791        124849.0
    2792        125639.0
    2793        125277.0
    2794        126458.0
    2795        127166.0
    2796        127569.0
    2797        125865.0
    2798        126860.0
    2799        126690.0
    2800        124283.0
    2801        125391.0
    2802        126427.0
    2803        127406.0
    2804        127725.0
    2805        128014.0
    2806        125202.0
    2807        126956.0
    2808        125753.0
    2809        126464.0
    2810        125668.0
    2811        125558.0
    2812        126802.0
    2813        127416.0
    2814        128288.0
    2815        130576.0
    2816        130688.0
    2817        131320.0
    2818        133003.0
    2819        133913.0
    2820        133691.0
    2821        135024.0
    2822        136676.0
    2823        133662.0
    2824        134496.0
    2825        133600.0
    2826        133410.0
    2827        132562.0
    2828        133572.0
    2829        133395.0
    2830        135210.0
    2831        132842.0
    2832        132903.0
    2833        132948.0
    2834        132793.0
    2835        133660.0
    2836        126115.0
    2837        125691.0
    2838        125678.0
    2839        125933.0
    2840        124738.0
    2841        123731.0
    2842        123107.0
    2843        123573.0
    2844        122120.0
    2845        123727.0
    2846        124458.0
    2847        123604.0
    2848        122484.0
    2849        120457.0
    2850        120446.0
    2851        120778.0
    2852        120786.0
    2853        120530.0
    2854        122205.0
    2855        122358.0
    2856        122943.0
    2857        122677.0
    2858        121782.0
    2859        123613.0
    2860        125704.0
    2861        123795.0
    2862        122910.0
    2863        123128.0
    2864        123298.0
    2865        121914.0
    2866        120890.0
    2867        119825.0
    2868        118706.0
    2869        120766.0
    2870        122323.0
    2871        119578.0
    2872        119424.0
    2873        119116.0
    2874        119401.0
    2875        119090.0
    2876        119419.0
    2877        121075.0
    2878        121059.0
    2879        125923.0
    2880        121796.0
    2881        121697.0
    2882        122675.0
    2883        122676.0
    2884        123669.0
    2885        126380.0
    2886        126887.0
    2887        124988.0
    2888        125394.0
    2889        125767.0
    2890        127671.0
    2891        127852.0
    2892        128417.0
    2893        127886.0
    2894        126848.0
    2895        127904.0
    2896        127957.0
    2897        128312.0
    2898        126518.0
    2899        127764.0
    2900        130318.0
    2901        131242.0
    2902        132420.0
    2903        132078.0
    2904        131776.0
    2905        131646.0
    2906        132169.0
    2907        131348.0
    2908        129538.0
    2909        129507.0
    2910        131052.0
    2911        131497.0
    2912        129798.0
    2913        129600.0
    2914        130649.0
    2915        131862.0
    2916        130958.0
    2917        130620.0
    2918        132293.0
    2919        133826.0
    2920        134939.0
    2921        136092.0
    2922        134984.0
    2923        133153.0
    2924        123572.0
    2925        123745.0
    2926        125048.0
    2927        125704.0
    2928        126720.0
    2929        126912.0
    2930        126034.0
    2931        124464.0
    2932        122603.0
    2933        122390.0
    2934        122939.0
    2935        123156.0
    2936        126066.0
    2937        123402.0
    2938        121758.0
    2939        123615.0
    2940        124785.0
    2941        124094.0
    2942        124898.0
    2943        123396.0
    2944        123579.0
    2945        122534.0
    2946        120833.0
    2947        120530.0
    2948        119895.0
    2949        119920.0
    2950        119192.0
    2951        119974.0
    2952        120524.0
    2953        121792.0
    2954        123188.0
    2955        122316.0
    2956        123316.0
    2957        120524.0
    2958        122053.0
    2959        122518.0
    2960        124295.0
    2961        123010.0
    2962        122083.0
    2963        121273.0
    2964        122444.0
    2965        121508.0
    2966        122157.0
    2967        123023.0
    2968        122821.0
    2969        122223.0
    2970        122093.0
    2971        125652.0
    2972        125364.0
    2973        123972.0
    2974        123373.0
    2975        120811.0
    2976        120499.0
    2977        119826.0
    2978        119950.0
    2979        120701.0
    2980        122638.0
    2981        122457.0
    2982        124101.0
    2983        123764.0
    2984        123004.0
    2985        124153.0
    2986        123987.0
    2987        122432.0
    2988        120542.0
    2989        120648.0
    2990        121963.0
    2991        122813.0
    2992        123505.0
    2993        121964.0
    2994        122397.0
    2995        122606.0
    2996        123124.0
    2997        124713.0
    2998        124852.0
    2999        124168.0
    3000        123246.0
    3001        123572.0
    3002        124155.0
    3003        123136.0
    3004        123683.0
    3005        121194.0
    3006        120795.0
    3007        121649.0
    3008        122611.0
    3009        121438.0
    3010        118927.0
    3011        120656.0
    3012        120102.0
    3013        115731.0
    3014        117133.0
    3015        118378.0
    3016        119903.0
    3017        119169.0
    3018        118629.0
    3019        117103.0
    3020        118220.0
    3021        118605.0
    3022        117672.0
    3023        118997.0
    3024        120179.0
    3025        120626.0
    3026        120574.0
    3027        120861.0
    3028        119502.0
    3029        119538.0
    3030        120375.0
    3031        121009.0
    3032        120396.0
    3033        119463.0
    3034        117042.0
    3035        116523.0
    3036        118016.0
    3037        118198.0
    3038        118093.0
    3039        119524.0
    3040        117221.0
    3041        117844.0
    3042        118290.0
    3043        118772.0
    3044        117914.0
    3045        117200.0
    3046        117233.0
    3047        117033.0
    3048        117391.0
    3049        116151.0
    3050        117045.0
    3051        117834.0
    3052        115617.0
    3053        115668.0
    3054        115193.0
    3055        116020.0
    3056        117332.0
    3057        116933.0
    3058        115824.0
    3059        117107.0
    3060        118104.0
    3061        117804.0
    3062        118990.0
    3063        118984.0
    3064        118791.0
    3065        117667.0
    3066        117523.0
    3067        117395.0
    3068        118083.0
    3069        117858.0
    3070        118089.0
    3071        117857.0
    3072        119597.0
    3073        117248.0
    3074        118540.0
    3075        119264.0
    3076        120918.0
    3077        123367.0
    3078        122923.0
    3079        126051.0
    3080        127307.0
    3081        126983.0
    3082        126919.0
    3083        126294.0
    3084        124702.0
    3085        123788.0
    3086        123618.0
    3087        122685.0
    3088        122716.0
    3089        122650.0
    3090        124586.0
    3091        124249.0
    3092        121521.0
    3093        121585.0
    3094        122746.0
    3095        123052.0
    3096        123328.0
    3097        124213.0
    3098        123098.0
    3099        122865.0
    3100        127617.0
    3101        120162.0
    3102        118758.0
    3103        117386.0
    3104        117072.0
    3105        116511.0
    3106        115375.0
    3107        115387.0
    3108        116197.0
    3109        116580.0
    3110        115369.0
    3111        116302.0
    3112        115870.0
    3113        115642.0
    3114        117112.0
    3115        117297.0
    3116        117873.0
    3117        116742.0
    3118        117368.0
    3119        116337.0
    3120        114996.0
    3121        114078.0
    3122        112380.0
    3123        113897.0
    3124        114725.0
    3125        115645.0
    3126        115620.0
    3127        113908.0
    3128        112815.0
    3129        113933.0
    3130        113098.0
    3131        113022.0
    3132        112257.0
    3133        115209.0
    3134        115018.0
    3135        113030.0
    3136        114990.0
    3137        116091.0
    3138        116412.0
    3139        118123.0
    3140        123052.0
    3141        122892.0
    3142        123542.0
    3143        123745.0
    3144        124550.0
    3145        124832.0
    3146        125478.0
    3147        124692.0
    3148        123559.0
    3149        122723.0
    3150        122972.0
    3151        123890.0
    3152        124033.0
    3153        125487.0
    3154        126035.0
    3155        126457.0
    3156        125299.0
    3157        128060.0
    3158        128511.0
    3159        128753.0
    3160        127701.0
    3161        126598.0
    3162        126453.0
    3163        127780.0
    3164        126844.0
    3165        128081.0
    3166        128773.0
    3167        129521.0
    3168        130870.0
    3169        130387.0
    3170        130143.0
    3171        130621.0
    3172        130334.0
    3173        129473.0
    3174        129509.0
    3175        131743.0
    3176        132872.0
    3177        134027.0
    3178        134068.0
    3179        134176.0
    3180        134069.0
    3181        133129.0
    3182        133196.0
    3183        133647.0
    3184        135214.0
    3185        135580.0
    3186        134723.0
    3187        133007.0
    3188        131951.0
    3189        128998.0
    3190         65358.0
    3191         65476.0
    3192         66397.0
    3193         65541.0
    3194         66091.0
    3195         66491.0
    3196         65549.0
    3197         66189.0
    3198         65580.0
    3199         64985.0
    3200         63504.0
    3201         63781.0
    3202         63114.0
    3203         61117.0
    3204         62062.0
    3205         61818.0
    3206         61892.0
    3207         61575.0
    3208         62319.0
    3209         62028.0
    3210         61310.0
    3211         61170.0
    3212         61216.0
    3213         61136.0
    3214         61474.0
    3215         60699.0
    3216         60417.0
    3217         61036.0
    3218         61252.0
    3219         62476.0
    3220         63034.0
    3221         61974.0
    3222         60932.0
    3223         61208.0
    3224         61060.0
    3225         61547.0
    3226         61928.0
    3227         61437.0
    3228         61648.0
    3229         62637.0
    3230         62215.0
    3231         61974.0
    3232         62253.0
    3233         63250.0
    3234         61082.0
    3235         61152.0
    3236         60678.0
    3237         60324.0
    3238         60046.0
    3239         59432.0
    3240         60921.0
    3241         60276.0
    3242         59478.0
    3243         58971.0
    3244         57818.0
    3245         58311.0
    3246         57223.0
    3247         58890.0
    3248         59105.0
    3249         58875.0
    3250         58502.0
    3251         57946.0
    3252         56860.0
    3253         55962.0
    3254         56412.0
    3255         55722.0
    3256         56214.0
    3257         54630.0
    3258         54738.0
    3259         55137.0
    3260         54863.0
    3261         54217.0
    3262         54766.0
    3263         54849.0
    3264         54891.0
    3265         54921.0
    3266         53803.0
    3267         55094.0
    3268         54918.0
    3269         55100.0
    3270         55755.0
    3271         54616.0
    3272         54727.0
    3273         54532.0
    3274         53403.0
    3275         53648.0
    3276         53143.0
    3277         55316.0
